name:BIRate_F;engineclassdef:aWPnC_LocationRuleEngine;returntype:SystemModDef.Num8;objectcontext:218235061;kindcontext:218497161
LocationState
0;1;2;3;4;5;6;7;8;9;10;11;12;13;14;15;16;17;18;19;20;21;22;23;24;25;26;27;28;29;30;31;32;33;34;35;36;37;38;39;40;41;42;43;44;45;46;47;48;49;50;51;52;53;54;55;56;57;58;59
0.1075
0.1118
0.1215
0.1127
0.1098
0.1109
0.1098
0.1091
0.1098
0.1095
0.1181
0.1166
0.1098
0.112
0.1091
0.1098
0.1098
0.1098
0.1166
0.1106
0.1098
0.1098
0.1064
0.1098
0.1098
0.1141
0.112
0.1099
0.1091
0.1091
0.1098
0.1101
0.1127
0.1142
0.1079
0.1094
0.1105
0.1105
0.1098
0.1098
0.1135
0.1113
0.1113
0.1097
0.1105
0.1108
0.1098
0.1071
0.1091
0.1157
0.1091

0.1091






