name:BIRate_C2;engineclassdef:aWPnC_LocationRuleEngine;returntype:SystemModDef.Num8;objectcontext:218235061;kindcontext:218497161
LocationState
0;1;2;3;4;5;6;7;8;9;10;11;12;13;14;15;16;17;18;19;20;21;22;23;24;25;26;27;28;29;30;31;32;33;34;35;36;37;38;39;40;41;42;43;44;45;46;47;48;49;50;51;52;53;54;55;56;57;58;59
0.0512
0.0343
0.0373
0.0346
0.0337
0.0341
0.0337
0.0335
0.0337
0.0336
0.0363
0.0358
0.0337
0.0344
0.0335
0.0337
0.0337
0.0337
0.0358
0.034
0.0337
0.0337
0.0327
0.0337
0.0337
0.035
0.0344
0.0338
0.0335
0.0335
0.0337
0.0338
0.0346
0.0335
0.0331
0.0336
0.0339
0.0339
0.0337
0.0337
0.0348
0.0342
0.0342
0.0337
0.0339
0.034
0.0337
0.0329
0.0335
0.0355

0.0335






