name:BIRate_H;engineclassdef:aWPnC_LocationRuleEngine;returntype:SystemModDef.Num8;objectcontext:218235061;kindcontext:218497161
LocationState
0;1;2;3;4;5;6;7;8;9;10;11;12;13;14;15;16;17;18;19;20;21;22;23;24;25;26;27;28;29;30;31;32;33;34;35;36;37;38;39;40;41;42;43;44;45;46;47;48;49;50;51;52;53;54;55;56;57;58;59
0.0825
0.0887
0.0964
0.0894
0.0871
0.088
0.0871
0.0866
0.0871
0.0869
0.0937
0.0925
0.0871
0.0888
0.0866
0.0871
0.0871
0.0871
0.0925
0.0878
0.0871
0.0871
0.0844
0.0871
0.0871
0.0905
0.0888
0.0872
0.0866
0.0866
0.0871
0.0874
0.0894
0.0866
0.0856
0.0868
0.0877
0.0877
0.0871
0.0871
0.09
0.0883
0.0883
0.087
0.0877
0.0879
0.0871
0.085
0.0866
0.0918
0.0866

0.0866






