name:BIRate_B;engineclassdef:aWPnC_LocationRuleEngine;returntype:SystemModDef.Num8;objectcontext:218235061;kindcontext:218497161
LocationState
0;1;2;3;4;5;6;7;8;9;10;11;12;13;14;15;16;17;18;19;20;21;22;23;24;25;26;27;28;29;30;31;32;33;34;35;36;37;38;39;40;41;42;43;44;45;46;47;48;49;50;51;52;53;54;55;56;57;58;59
0.1361
0.0773
0.084
0.0779
0.0759
0.0766
0.0759
0.0754
0.0759
0.0757
0.0816
0.0806
0.0759
0.0774
0.0754
0.0759
0.0759
0.0759
0.0806
0.0764
0.0759
0.0759
0.0735
0.0759
0.0759
0.0788
0.0774
0.076
0.0754
0.0754
0.0759
0.0761
0.0779
0.0754
0.0746
0.0756
0.0764
0.0764
0.0759
0.0759
0.0784
0.0769
0.0769
0.0758
0.0764
0.0766
0.0759
0.074
0.0754
0.08
0.0754

0.0754






