name:BIRate_E;engineclassdef:aWPnC_LocationRuleEngine;returntype:SystemModDef.Num8;objectcontext:218235061;kindcontext:218497161
LocationState
0;1;2;3;4;5;6;7;8;9;10;11;12;13;14;15;16;17;18;19;20;21;22;23;24;25;26;27;28;29;30;31;32;33;34;35;36;37;38;39;40;41;42;43;44;45;46;47;48;49;50;51;52;53;54;55;56;57;58;59
0.0512
0.0744
0.0808
0.075
0.0731
0.0738
0.0731
0.0726
0.0731
0.0729
0.0786
0.0776
0.0731
0.0745
0.0726
0.0731
0.0731
0.0731
0.0776
0.0736
0.0731
0.0731
0.0708
0.0731
0.0731
0.0759
0.0745
0.0732
0.0726
0.0726
0.0731
0.0733
0.075
0.0726
0.0718
0.0728
0.0736
0.0736
0.0731
0.0731
0.0755
0.074
0.074
0.073
0.0736
0.0738
0.0731
0.0713
0.0726
0.077
0.0726

0.0726






