name:BIRate_I;engineclassdef:aWPnC_LocationRuleEngine;returntype:SystemModDef.Num8;objectcontext:218235061;kindcontext:218497161
LocationState
0;1;2;3;4;5;6;7;8;9;10;11;12;13;14;15;16;17;18;19;20;21;22;23;24;25;26;27;28;29;30;31;32;33;34;35;36;37;38;39;40;41;42;43;44;45;46;47;48;49;50;51;52;53;54;55;56;57;58;59
0.0804
0.1173
0.1275
0.1183
0.1152
0.1163
0.1152
0.1145
0.1152
0.1149
0.124
0.1223
0.1152
0.1175
0.1145
0.1152
0.1152
0.1152
0.1223
0.1161
0.1152
0.1152
0.1117
0.1152
0.1152
0.1197
0.1175
0.1154
0.1145
0.1145
0.1152
0.1155
0.1183
0.1145
0.1132
0.1148
0.116
0.116
0.1152
0.1152
0.1191
0.1168
0.1168
0.1151
0.116
0.1163
0.1152
0.1124
0.1145
0.1214
0.1145

0.1145






