name:BIRate_A1;engineclassdef:aWPnC_LocationRuleEngine;returntype:SystemModDef.Num8;objectcontext:218235061;kindcontext:218497161
LocationState
0;1;2;3;4;5;6;7;8;9;10;11;12;13;14;15;16;17;18;19;20;21;22;23;24;25;26;27;28;29;30;31;32;33;34;35;36;37;38;39;40;41;42;43;44;45;46;47;48;49;50;51;52;53;54;55;56;57;58;59
0.0362
0.0458
0.0498
0.0462
0.045
0.0454
0.045
0.0447
0.045
0.0448
0.0484
0.0477
0.045
0.0458
0.0447
0.045
0.045
0.045
0.0477
0.0453
0.045
0.045
0.0436
0.045
0.045
0.0467
0.0458
0.045
0.0447
0.0447
0.045
0.0451
0.0462
0.0447
0.0442
0.0448
0.0453
0.0453
0.045
0.045
0.0465
0.0456
0.0456
0.0449
0.0453
0.0454
0.045
0.0439
0.0447
0.0474
0.0447

0.0447






