name:BIRate_G;engineclassdef:aWPnC_LocationRuleEngine;returntype:SystemModDef.Num8;objectcontext:218235061;kindcontext:218497161
LocationState
0;1;2;3;4;5;6;7;8;9;10;11;12;13;14;15;16;17;18;19;20;21;22;23;24;25;26;27;28;29;30;31;32;33;34;35;36;37;38;39;40;41;42;43;44;45;46;47;48;49;50;51;52;53;54;55;56;57;58;59
0.1319
0.1374
0.1493
0.1385
0.1349
0.1362
0.1349
0.134
0.1349
0.1345
0.1451
0.1432
0.1349
0.1375
0.134
0.1349
0.1349
0.1349
0.1432
0.1359
0.1349
0.1349
0.1307
0.1349
0.1349
0.1401
0.1375
0.1351
0.134
0.134
0.1349
0.1353
0.1385
0.134
0.1326
0.1344
0.1358
0.1358
0.1349
0.1349
0.1394
0.1367
0.1367
0.1347
0.1358
0.1362
0.1349
0.1316
0.134
0.1422
0.134

0.134






