name:BIRate_D;engineclassdef:aWPnC_LocationRuleEngine;returntype:SystemModDef.Num8;objectcontext:218235061;kindcontext:218497161
LocationState
0;1;2;3;4;5;6;7;8;9;10;11;12;13;14;15;16;17;18;19;20;21;22;23;24;25;26;27;28;29;30;31;32;33;34;35;36;37;38;39;40;41;42;43;44;45;46;47;48;49;50;51;52;53;54;55;56;57;58;59
0.0526
0.0973
0.1057
0.0981
0.0955
0.0965
0.0955
0.095
0.0955
0.0953
0.1028
0.1015
0.0955
0.0974
0.095
0.0955
0.0955
0.0955
0.1015
0.0963
0.0955
0.0955
0.0926
0.0955
0.0955
0.0993
0.0974
0.0957
0.095
0.095
0.0955
0.0958
0.0981
0.095
0.0939
0.0952
0.0962
0.0962
0.0955
0.0955
0.0987
0.0968
0.0968
0.0954
0.0962
0.0964
0.0955
0.0932
0.095
0.1007
0.095

0.095






