name:CValue_A2;engineclassdef:aWPnC_LocationRuleEngine;returntype:SystemModDef.Num8;objectcontext:218235061;kindcontext:218497161
LocationState
0;1;2;3;4;5;6;7;8;9;10;11;12;13;14;15;16;17;18;19;20;21;22;23;24;25;26;27;28;29;30;31;32;33;34;35;36;37;38;39;40;41;42;43;44;45;46;47;48;49;50;51;52;53;54;55;56;57;58;59
6.3225
10.0724
10.9434
10.1537
9.8905
9.9872
9.8905
9.8285
9.8905
9.8634
10.6414
10.5021
9.8905
10.084
9.8285
9.8905
9.8905
9.8905
10.5021
9.964
9.8905
9.8905
9.5846
9.8905
9.8905
10.2737
10.084
9.9021
9.8285
9.8285
9.8905
9.9176
10.1537
9.8285
9.7201
9.8517
9.9563
9.9563
9.8905
9.8905
10.2195
10.0221
10.0221
9.8788
9.9563
9.9834
9.8905
9.6466
9.8285
10.4247
9.8285

9.8285






