name:CValue_F;engineclassdef:aWPnC_LocationRuleEngine;returntype:SystemModDef.Num8;objectcontext:218235061;kindcontext:218497161
LocationState
0;1;2;3;4;5;6;7;8;9;10;11;12;13;14;15;16;17;18;19;20;21;22;23;24;25;26;27;28;29;30;31;32;33;34;35;36;37;38;39;40;41;42;43;44;45;46;47;48;49;50;51;52;53;54;55;56;57;58;59
4.3135
2.1028
2.2846
2.1198
2.0648
2.085
2.0648
2.0519
2.0648
2.0591
2.2216
2.1925
2.0648
2.1052
2.0519
2.0648
2.0648
2.0648
2.1925
2.0802
2.0648
2.0648
2.001
2.0648
2.0648
2.1448
2.1052
2.0672
2.0519
2.0519
2.0648
2.0705
2.1198
2.0519
2.0292
2.0567
2.0785
2.0785
2.0648
2.0648
2.1335
2.0923
2.0923
2.0624
2.0785
2.0842
2.0648
2.0139
2.0519
2.1763
2.0519

2.0519






