name:CValue_G;engineclassdef:aWPnC_LocationRuleEngine;returntype:SystemModDef.Num8;objectcontext:218235061;kindcontext:218497161
LocationState
0;1;2;3;4;5;6;7;8;9;10;11;12;13;14;15;16;17;18;19;20;21;22;23;24;25;26;27;28;29;30;31;32;33;34;35;36;37;38;39;40;41;42;43;44;45;46;47;48;49;50;51;52;53;54;55;56;57;58;59
23.2103
25.3163
27.5054
25.5206
24.859
25.1022
24.859
24.7033
24.859
24.7909
26.7465
26.3963
24.859
25.3455
24.7033
24.859
24.859
24.859
26.3963
25.0438
24.859
24.859
24.0904
24.859
24.859
25.8222
25.3455
24.8882
24.7033
24.7033
24.859
24.9271
25.5206
24.7033
24.4309
24.7617
25.0244
25.0244
24.859
24.859
25.686
25.1898
25.1898
24.8298
25.0244
25.0925
24.859
24.246
24.7033
26.2017
24.7033

24.7033






