name:CValue_H;engineclassdef:aWPnC_LocationRuleEngine;returntype:SystemModDef.Num8;objectcontext:218235061;kindcontext:218497161
LocationState
0;1;2;3;4;5;6;7;8;9;10;11;12;13;14;15;16;17;18;19;20;21;22;23;24;25;26;27;28;29;30;31;32;33;34;35;36;37;38;39;40;41;42;43;44;45;46;47;48;49;50;51;52;53;54;55;56;57;58;59
3.6981
0.9712
1.0551
0.979
0.9536
0.963
0.9536
0.9476
0.9536
0.951
1.026
1.0126
0.9536
0.9723
0.9476
0.9536
0.9536
0.9536
1.0126
0.9607
0.9536
0.9536
0.9241
0.9536
0.9536
0.9906
0.9723
0.9547
0.9476
0.9476
0.9536
0.9562
0.979
0.9476
0.9372
0.9499
0.96
0.96
0.9536
0.9536
0.9853
0.9663
0.9663
0.9525
0.96
0.9626
0.9536
0.9301
0.9476
1.0051
0.9476

0.9476





