name:CValue_C2;engineclassdef:aWPnC_LocationRuleEngine;returntype:SystemModDef.Num8;objectcontext:218235061;kindcontext:218497161
LocationState
0;1;2;3;4;5;6;7;8;9;10;11;12;13;14;15;16;17;18;19;20;21;22;23;24;25;26;27;28;29;30;31;32;33;34;35;36;37;38;39;40;41;42;43;44;45;46;47;48;49;50;51;52;53;54;55;56;57;58;59
7.0349
7.6728
8.3363
7.7347
7.5342
7.6079
7.5342
7.487
7.5342
7.5136
8.1063
8.0001
7.5342
7.6817
7.487
7.5342
7.5342
7.5342
8.0001
7.5902
7.5342
7.5342
7.3013
7.5342
7.5342
7.8261
7.6817
7.5431
7.487
7.487
7.5342
7.5549
7.7347
7.487
7.4045
7.5047
7.5843
7.5843
7.5342
7.5342
7.7849
7.6345
7.6345
7.5254
7.5843
7.605
7.5342
7.3484
7.487
7.9411
7.487

7.487







