name:CValue_C1;engineclassdef:aWPnC_LocationRuleEngine;returntype:SystemModDef.Num8;objectcontext:218235061;kindcontext:218497161
LocationState
0;1;2;3;4;5;6;7;8;9;10;11;12;13;14;15;16;17;18;19;20;21;22;23;24;25;26;27;28;29;30;31;32;33;34;35;36;37;38;39;40;41;42;43;44;45;46;47;48;49;50;51;52;53;54;55;56;57;58;59
5.3733
5.8605
6.3673
5.9078
5.7547
5.811
5.7547
5.7186
5.7547
5.7389
6.1916
6.1105
5.7547
5.8673
5.7186
5.7547
5.7547
5.7547
6.1105
5.7975
5.7547
5.7547
5.5767
5.7547
5.7547
5.9777
5.8673
5.7614
5.7186
5.7186
5.7547
5.7704
5.9078
5.7186
5.6556
5.7321
5.793
5.793
5.7547
5.7547
5.9461
5.8313
5.8313
5.7479
5.793
5.8087
5.7547
5.6128
5.7186
6.0655
5.7186

5.7186






