name:CValue_B;engineclassdef:aWPnC_LocationRuleEngine;returntype:SystemModDef.Num8;objectcontext:218235061;kindcontext:218497161
LocationState
0;1;2;3;4;5;6;7;8;9;10;11;12;13;14;15;16;17;18;19;20;21;22;23;24;25;26;27;28;29;30;31;32;33;34;35;36;37;38;39;40;41;42;43;44;45;46;47;48;49;50;51;52;53;54;55;56;57;58;59
8.5895
7.9633
8.6519
8.0276
7.8195
7.896
7.8195
7.7705
7.8195
7.7981
8.4132
8.303
7.8195
7.9725
7.7705
7.8195
7.8195
7.8195
8.303
7.8776
7.8195
7.8195
7.5777
7.8195
7.8195
8.1225
7.9725
7.8287
7.7705
7.7705
7.8195
7.8409
8.0276
7.7705
7.6848
7.7889
7.8715
7.8715
7.8195
7.8195
8.0796
7.9235
7.9235
7.8103
7.8715
7.8929
7.8195
7.6267
7.7705
8.2418
7.7705

7.7705






