name:CValue_J;engineclassdef:aWPnC_LocationRuleEngine;returntype:SystemModDef.Num8;objectcontext:218235061;kindcontext:218497161
LocationState
0;1;2;3;4;5;6;7;8;9;10;11;12;13;14;15;16;17;18;19;20;21;22;23;24;25;26;27;28;29;30;31;32;33;34;35;36;37;38;39;40;41;42;43;44;45;46;47;48;49;50;51;52;53;54;55;56;57;58;59
15.1409
16.515
17.9431
16.6483
16.2167
16.3754
16.2167
16.1151
16.2167
16.1723
17.448
17.2195
16.2167
16.534
16.1151
16.2167
16.2167
16.2167
17.2195
16.3373
16.2167
16.2167
15.7153
16.2167
16.2167
16.845
16.534
16.2357
16.1151
16.1151
16.2167
16.2611
16.6483
16.1151
15.9374
16.1532
16.3246
16.3246
16.2167
16.2167
16.7562
16.4325
16.4325
16.1976
16.3246
16.369
16.2167
15.8168
16.1151
17.0926

16.1151






