name:CValue_A1;engineclassdef:aWPnC_LocationRuleEngine;returntype:SystemModDef.Num8;objectcontext:218235061;kindcontext:218497161
LocationState
0;1;2;3;4;5;6;7;8;9;10;11;12;13;14;15;16;17;18;19;20;21;22;23;24;25;26;27;28;29;30;31;32;33;34;35;36;37;38;39;40;41;42;43;44;45;46;47;48;49;50;51;52;53;54;55;56;57;58;59
5.6034
8.9292
9.7014
9.0013
8.7679
8.8537
8.7679
8.713
8.7679
8.7439
9.4337
9.3101
8.7679
8.9395
8.713
8.7679
8.7679
8.7679
9.3101
8.8331
8.7679
8.7679
8.4968
8.7679
8.7679
9.1077
8.9395
8.7782
8.713
8.713
8.7679
8.792
9.0013
8.713
8.617
8.7336
8.8263
8.8263
8.7679
8.7679
9.0596
8.8846
8.8846
8.7576
8.8263
8.8503
8.7679
8.5517
8.713
9.2415
8.713

8.713






