name:CValue_D;engineclassdef:aWPnC_LocationRuleEngine;returntype:SystemModDef.Num8;objectcontext:218235061;kindcontext:218497161
LocationState
0;1;2;3;4;5;6;7;8;9;10;11;12;13;14;15;16;17;18;19;20;21;22;23;24;25;26;27;28;29;30;31;32;33;34;35;36;37;38;39;40;41;42;43;44;45;46;47;48;49;50;51;52;53;54;55;56;57;58;59
6.6221
7.2229
7.8475
7.2812
7.0924
7.1618
7.0924
7.048
7.0924
7.073
7.6309
7.531
7.0924
7.2312
7.048
7.0924
7.0924
7.0924
7.531
7.1452
7.0924
7.0924
6.8731
7.0924
7.0924
7.3672
7.2312
7.1007
7.048
7.048
7.0924
7.1118
7.2812
7.048
6.9703
7.0647
7.1396
7.1396
7.0924
7.0924
7.3284
7.1868
7.1868
7.0841
7.1396
7.159
7.0924
6.9175
7.048
7.4755
7.048

7.048






