name:CValue_E;engineclassdef:aWPnC_LocationRuleEngine;returntype:SystemModDef.Num8;objectcontext:218235061;kindcontext:218497161
LocationState
0;1;2;3;4;5;6;7;8;9;10;11;12;13;14;15;16;17;18;19;20;21;22;23;24;25;26;27;28;29;30;31;32;33;34;35;36;37;38;39;40;41;42;43;44;45;46;47;48;49;50;51;52;53;54;55;56;57;58;59
5.2758
5.7546
6.2522
5.801
5.6507
5.7059
5.6507
5.6153
5.6507
5.6352
6.0797
6.0001
5.6507
5.7612
5.6153
5.6507
5.6507
5.6507
6.0001
5.6927
5.6507
5.6507
5.4759
5.6507
5.6507
5.8696
5.7612
5.6573
5.6153
5.6153
5.6507
5.6661
5.801
5.6153
5.5533
5.6285
5.6883
5.6883
5.6507
5.6507
5.8386
5.7259
5.7259
5.644
5.6883
5.7037
5.6507
5.5113
5.6153
5.9559

5.6153







