name:CValue_I;engineclassdef:aWPnC_LocationRuleEngine;returntype:SystemModDef.Num8;objectcontext:218235061;kindcontext:218497161
LocationState
0;1;2;3;4;5;6;7;8;9;10;11;12;13;14;15;16;17;18;19;20;21;22;23;24;25;26;27;28;29;30;31;32;33;34;35;36;37;38;39;40;41;42;43;44;45;46;47;48;49;50;51;52;53;54;55;56;57;58;59
4.8296
5.268
5.7235
5.3105
5.1728
5.2234
5.1728
5.1404
5.1728
5.1586
5.5656
5.4927
5.1728
5.274
5.1404
5.1728
5.1728
5.1728
5.4927
5.2113
5.1728
5.1728
5.0129
5.1728
5.1728
5.3733
5.274
5.1789
5.1404
5.1404
5.1728
5.187
5.3105
5.1404
5.0837
5.1526
5.2072
5.2072
5.1728
5.1728
5.3449
5.2417
5.2417
5.1667
5.2072
5.2214
5.1728
5.0453
5.1404
5.4522

5.1404






